
The independent probability of a class
--------------------------------------
1	0.499980000799968
-1	0.500019999200032

The probability of a word given the class
-----------------------------------------
	1	-1	
1	0.002535524989272722	0.0027781531978957373	
2	0.0025330900521840618	0.002776292430120915	
3	0.002530579053827522	0.0027789530460302836	
4	0.0025306695098309883	0.002779357054609845	
5	0.0025299877413982735	0.002773975898036114	
6	0.0025293328608484433	0.002770299994381307	
7	0.002528346072083875	0.002772684863999819	
8	0.002526488318658869	0.002772070678032482	
9	0.0025252828918894046	0.0027698195232365268	
10	0.00252357580398932	0.0027693571778889467	
11	0.0025223750181048708	0.0027689589222996336	
12	0.0025237978782487736	0.002766090109994192	
13	0.002533302712982721	0.002781870110588289	
14	0.002533215191061776	0.002779390110677899	
15	0.0025323491772610797	0.002777921372006309	
16	0.002531843047381727	0.0027779001461640147	
17	0.0025331425469581627	0.0027773981568674066	
18	0.002531218973727516	0.0027738293196394636	
19	0.0025299866011571264	0.002775639728382445	
20	0.002526557243065456	0.0027743683550127164	
21	0.0025269351039045197	0.002772892672605092	
22	0.0025256682697779565	0.002773081427974053	
23	0.0025266086820487418	0.002770583590991361	
24	0.0025258711495466293	0.0027707029992670665	
25	0.0025359220319835516	0.0027876203093966127	
26	0.002535112344283717	0.0027828171507413716	
27	0.002533878261675144	0.0027795497918406036	
28	0.0025361434212570317	0.0027770814087080646	
29	0.0025362486534786064	0.002781098421929958	
30	0.0025334023443035177	0.002776940583627515	
31	0.002531794856014906	0.002776565398656636	
32	0.00252927018382441	0.002777948202565916	
33	0.002527979341215045	0.002778427562804157	
34	0.0025290032751793846	0.0027756870968630386	
35	0.002528186855073876	0.002771930280173562	
36	0.0025280404201542244	0.0027717973666766477	
37	0.002538800430340206	0.0027858255305772306	
38	0.0025374712531081095	0.0027852542759819097	
39	0.0025357892971066076	0.0027829008812878635	
40	0.0025386851925348845	0.0027828186908247323	
41	0.002533759939329882	0.0027817387394558617	
42	0.002532061127561514	0.0027802042161522112	
43	0.0025338643186355314	0.0027797197738995165	
44	0.0025333521283938784	0.002777868981472165	
45	0.0025298810227215793	0.00277684844258338	
46	0.0025292294263510157	0.0027794616623128075	